  0.9521480e-01  -69717.08       112392.8      -12345.00      -12345.00    
 -0.6202463e-02   249.9326             0.       57.62255       2.000000    
  -12345.00      -12345.00      -12345.00      -12345.00      -12345.00    
  -12345.00      -12345.00      -12345.00      -12345.00      -12345.00    
  -12345.00      -12345.00      -12345.00      -12345.00      -12345.00    
  -12345.00      -12345.00      -12345.00      -12345.00      -12345.00    
  -12345.00       40.74478      -115.2388       2210.440             0.    
   37.22906      -116.3641       2060.000       640.0000      -12345.00    
  -12345.00      -12345.00      -12345.00      -12345.00      -12345.00    
  -12345.00      -12345.00      -12345.00      -12345.00      -12345.00    
   402.2830       13.67549       194.3810       3.618511      -12345.00    
  -12345.00      -71.67625             0.             0.      -12345.00    
  -12345.00      -12345.00      -12345.00      -12345.00      -12345.00    
  -12345.00      -12345.00      -12345.00      -12345.00      -12345.00    
      1979       269        15         0         0
       100         6         0         0      2626
    -12345    -12345    -12345    -12345    -12345
         1         7        11    -12345    -12345
    -12345    -12345        37    -12345    -12345
    -12345    -12345    -12345    -12345    -12345
    -12345    -12345    -12345    -12345    -12345
         1         1         1         1         0
EKL     SHEEPSHEAD      
-12345  -12345  IPU0    
-12345  -12345  -12345  
-12345  -12345  -12345  
-12345  -12345  -12345  
-12345  -12345  -12345  
-12345  -12345  -12345  
-12345  -12345  -12345  
  -52.64594      -93.62086      -87.86596      -97.59924      -93.55006    
  -101.6191      -105.0976      -111.5052      -119.0272      -133.4245    
  -139.9535      -143.6099      -148.0629      -156.0965      -167.8487    
  -169.8947      -169.0985      -174.1699      -179.5350      -178.8935    
  -175.1139      -175.9868      -171.9105      -163.0962      -157.4804    
  -152.9828      -143.4286      -135.2290      -135.6019      -131.5445    
  -127.3305      -124.5315      -118.4515      -108.7406      -97.57907    
  -83.37075      -73.96552      -59.85865      -45.22314      -37.45158    
  -21.20443      -4.227909       7.908389       14.77247       21.82098    
   39.30045       40.03136       34.00964       45.73535       48.03912    
   47.20024       44.27423       42.50371       44.94984       41.99871    
   35.62624       31.70446       34.13432       32.42934       30.26764    
   26.93151       20.24798       13.13167     -0.3473138      -14.09506    
  -29.19875      -47.61094      -65.39793      -81.60327      -94.90945    
  -114.8783      -133.9901      -152.8512      -173.1842      -193.3382    
  -217.3071      -235.1591      -259.3364      -286.7719      -305.5380    
  -325.0656      -339.3316      -351.5049      -359.2414      -358.4711    
  -355.6642      -350.1790      -344.2001      -331.4630      -318.0020    
  -301.5412      -276.6407      -258.4206      -236.0180      -211.6787    
  -185.2266      -155.6808      -127.1439      -99.33842      -73.85065    
  -41.90508      -24.61757      -3.785243       20.32407       33.32520    
   49.10178       61.33119       74.86155       86.68888       95.10181    
   101.8119       106.3066       110.9468       114.0101       112.0334    
   106.2203       99.00176       90.87887       76.21766       63.28316    
   51.57216       30.37637       12.11852      -10.45245      -36.83874    
  -59.42505      -80.68175      -104.1476      -126.5321      -149.9908    
  -169.8960      -186.5267      -203.8452      -217.4850      -226.4798    
  -229.7689      -233.8645      -228.5128      -221.6223      -217.2849    
  -206.0852      -194.8132      -182.7026      -169.5025      -159.7222    
  -143.4945      -133.5114      -119.0286      -98.59022      -88.86332    
  -77.78944      -71.20108      -59.73722      -51.28624      -51.78778    
  -51.08029      -53.69665      -53.36127      -52.38089      -58.70235    
  -66.14376      -74.27039      -80.75514      -86.85589      -93.44585    
  -101.1667      -110.2617      -119.4098      -121.6599      -125.4552    
  -133.3569      -133.8012      -136.5191      -136.6730      -140.5400    
  -140.5545      -144.5996      -151.2204      -150.1187      -153.1394    
  -158.3062      -164.8333      -167.5791      -169.9740      -167.6755    
  -163.4425      -162.3272      -159.1198      -155.1584      -144.5549    
  -132.7372      -120.3868      -109.8820      -93.37611      -77.10456    
  -63.36718      -48.57559      -40.62863      -21.57659      -6.376182    
   9.998388       18.96824       21.91785       34.86253       45.14752    
   51.79670       52.86095       59.66874       64.91370       66.74397    
   65.31173       61.86551       61.01225       62.12790       55.82559    
   49.80665       44.79620       38.98761       28.82306       5.286115    
  -12.30122      -21.99529      -30.18287      -49.34273      -68.59652    
  -77.05879      -92.38451      -108.8397      -121.8312      -131.4241    
  -144.5880      -157.1059      -158.9964      -171.8482      -184.3363    
  -196.6295      -208.2342      -221.3997      -237.1053      -246.3788    
  -256.5409      -268.4303      -273.9590      -276.7724      -278.2510    
  -278.0282      -281.2560      -278.5511      -272.7468      -271.1366    
  -263.5300      -253.1595      -248.5786      -233.5459      -223.9661    
  -211.4248      -203.0198      -198.2734      -185.5059      -181.3779    
  -176.3344      -167.4356      -164.8419      -162.2709      -157.1114    
  -155.8302      -149.6999      -151.9422      -148.8729      -140.6191    
  -138.2512      -130.6480      -124.8774      -123.5289      -114.3277    
  -105.5252      -91.38020      -79.65941      -72.73092      -56.23985    
  -45.05483      -25.21617     -0.1609549       15.52958       42.85585    
   67.44382       85.00862       110.9036       129.1508       149.0064    
   167.3073       180.4469       189.9446       195.8204       199.4784    
   201.9732       198.0443       188.0176       181.7577       171.6429    
   153.2326       141.0406       121.3068       101.6382       83.01729    
   56.80350       32.23512      -1.693834      -27.73295      -58.38189    
  -88.47441      -117.6216      -146.6823      -168.7425      -198.2809    
  -224.7890      -245.0165      -265.0926      -284.3157      -296.1640    
  -308.5147      -325.2988      -331.2976      -337.3494      -344.2240    
  -350.7329      -351.8272      -351.8604      -354.0357      -354.3217    
  -352.3654      -351.1695      -350.1639      -343.6494      -337.6331    
  -328.4995      -322.4225      -306.5689      -296.6430      -284.7321    
  -265.8228      -251.4144      -229.5327      -209.2308      -188.2122    
  -169.7513      -151.6262      -130.3938      -110.4176      -94.18433    
  -75.40092      -54.13039      -39.58348      -20.47492      0.8339205    
   20.00488       40.75897       55.17111       68.36881       83.73447    
   94.64915       107.2744       118.2928       127.1196       134.9499    
   136.4632       135.3874       134.7876       128.8491       120.8536    
   111.7411       104.1690       91.71840       80.48431       64.06123    
   48.51054       35.99778       16.36355       15.02714       4.064966    
  -12.03629      -27.85941      -43.66766      -54.34756      -67.45625    
  -81.03351      -93.25014      -108.0622      -123.2322      -137.0712    
  -150.0430      -159.9741      -172.8090      -181.4690      -195.3582    
  -205.7774      -214.9939      -224.1347      -229.6870      -241.8749    
  -248.0976      -246.8159      -251.3162      -254.0880      -255.0453    
  -258.3792      -264.6825      -267.5467      -268.3913      -270.9246    
  -267.8170      -263.5316      -260.6838      -256.1537      -247.8629    
  -242.5797      -234.0383      -225.2565      -212.7930      -199.4183    
  -185.8065      -170.1316      -154.1252      -133.7208      -117.9872    
  -99.80616      -80.42723      -65.60493      -46.75063      -34.70490    
  -13.54002       3.059481       5.218671       18.15533       31.06670    
   49.09815       58.56012       63.10614       69.95031       75.41434    
   75.91619       78.00832       86.84708       83.30731       87.17214    
   89.79250       82.27388       80.07307       75.43745       64.79398    
   57.22366       45.88911       25.62698       14.95990     -0.8984444    
  -18.73912      -29.61670      -46.53293      -67.45563      -85.77538    
  -96.95828      -110.9574      -127.5618      -133.6884      -144.7582    
  -155.4817      -159.2713      -160.3638      -159.8509      -163.2231    
  -161.2434      -160.2380      -159.7989      -153.0443      -153.8878    
  -154.1161      -153.2140      -161.9376      -162.4483      -160.9044    
  -162.4092      -161.8821      -156.4154      -155.8496      -158.7298    
  -158.3410      -157.6234      -160.0244      -162.2657      -164.6104    
  -162.2053      -156.3866      -153.3484      -150.2177      -141.8582    
  -130.5061      -125.9348      -111.2380      -95.95392      -83.66701    
  -72.84550      -61.26256      -53.11689      -50.43615      -45.06851    
  -36.68414      -32.99963      -34.48341      -37.08343      -45.00749    
  -52.24679      -67.97790      -83.13944      -100.3017      -110.0561    
  -119.2961      -136.8338      -148.7910      -162.2209      -170.7003    
  -177.0685      -182.6895      -187.3384      -186.4468      -184.4551    
  -181.8559      -176.9984      -173.4101      -167.4307      -162.8917    
  -154.8334      -145.9734      -141.0964      -136.3989      -130.2416    
  -119.9311      -112.3179      -105.5852      -97.35291      -89.05634    
  -85.59753      -73.57328      -63.86626      -58.60945      -43.03816    
  -29.34219      -14.81370     -0.7177354e-01   2.678583       9.493379    
   22.60243       32.56831       38.21299       33.29983       35.87526    
   37.86261       34.03406       25.65026       23.86486       17.54060    
   11.32942       6.096423      -5.855395      -10.50268      -20.37387    
  -29.17156      -38.21208      -45.61307      -52.07423      -62.70520    
  -64.84057      -74.63863      -84.94537      -90.86797      -100.3194    
  -106.3656      -113.7274      -117.2500      -123.8686      -132.1210    
  -138.0310      -145.7664      -155.5569      -162.0219      -165.3926    
  -158.8184      -148.3707      -225.2274      -201.1418      -167.1332    
  -208.6535      -462.1102      -148.7127      -188.9029      -259.7672    
  -281.7595      -178.7992      -66.23755      -296.1737       93.97321    
  -446.8426       243.1453      -615.5946       481.6570      -873.9404    
   882.7374      -341.1807       5850.794       5272.837      -2997.038    
  -1794.489       13572.15      -4194.842      -37298.26       8415.931    
   14327.32      -12425.25      -11444.68       10872.84       10073.47    
   2668.319       10348.75      -2071.631      -1548.700      -981.2504    
  -4376.382      -10578.84       5998.054       9104.313      -3961.790    
   85.72655       1887.634       2793.581      -1105.634      -6683.380    
  -2972.769      -2936.146      -5011.456      -344.5333       4580.677    
  -732.7532       4482.599       6158.961       2239.801       2337.804    
  -1121.262      -2822.438      -2126.024       361.4018      -5426.697    
  -3976.760       1385.291       1050.647      -5042.804      -1621.034    
   4782.182       3092.051      -4661.794       168.8274       2242.375    
   748.7899       8748.918      -331.5294       781.8907      -1885.218    
  -2746.006       4061.932      -3284.681      -5662.068      -5617.986    
  -2976.617      -2841.674      -926.6846       2474.759      -2743.038    
  -4404.502       2858.048       5574.880       3989.857       3731.499    
   6806.994      -377.5825      -8043.016      -1632.114      -2070.968    
  -1310.021       6761.572       7731.147       1379.793      -3114.853    
   1375.189       14168.63       3844.440      -12460.64      -17805.77    
  -13238.14       5814.196       6135.294      -3624.541      -567.9111    
   7403.491       10995.29      -3886.813      -8940.263      -9272.226    
  -454.2777       15059.81       8663.148      -2010.260      -13303.98    
   1249.888       12611.01       397.3056      -6551.685       3534.817    
  -4125.145      -11679.85       11142.20       14282.13       787.5927    
  -11499.48      -32406.04      -29308.47       13237.77       34981.59    
   16855.01       20449.49       31673.00       28300.31       1133.337    
  -48183.47      -68284.05      -56039.50      -716.9608       15905.15    
  -40199.63      -16136.09       63216.60       77061.73       5794.823    
  -59512.40       3905.210       36409.36       40978.71       55677.75    
   32318.60      -982.5284      -50482.04      -64884.83      -50159.66    
  -19527.17      -28208.39      -69717.08      -41443.25       56733.38    
   112392.8       98196.20       38292.20      -19299.75      -61318.20    
  -29156.79       36372.73       7905.347      -42450.32      -63358.29    
  -34978.87       23232.79       40532.39       10468.26      -25462.90    
  -28292.96      -6420.127       22261.07       68530.75       74974.69    
   3463.019      -59750.97      -26926.14       34554.36       40016.20    
  -4636.900      -35676.93      -30268.04      -24041.96      -15007.64    
  -27578.32      -25613.14      -62.82307       16765.61      -14069.73    
  -5090.448       60959.31       45402.56       7719.456       11115.43    
   12054.16      -18476.51      -6332.409      -17549.71      -32186.46    
  -20238.98       1597.332       44148.52       65733.45       24805.17    
  -47282.56      -40849.94      -19319.46       439.4171      -2626.268    
   13750.83       5210.899      -19000.56      -4331.548       8301.561    
   5340.608      -17233.48      -4167.130       13911.84       16987.94    
  -5335.680      -18963.24      -10891.75       318.3838       9970.691    
   5896.672       9233.925       22823.80       11378.95      -12500.81    
   7595.566       39872.47       16393.22      -19463.88      -22144.94    
  -22450.99      -36278.99      -36495.81      -33260.73      -25333.45    
   5298.726       30902.70       46049.21       50322.48       53722.38    
   33247.60      -11522.85      -33538.56      -25041.70      -23303.49    
  -10060.13      -7710.208      -5429.174       3914.904      -14089.70    
  -11730.07      -16127.76      -12958.13      -1184.077       9911.701    
   23869.62       18763.59       12778.17       19241.22       23196.44    
   8646.291      -11293.62      -21596.94      -13595.38      -16449.84    
  -8232.217       4592.797      -2160.828      -927.4749      -1804.163    
   2524.341       14099.47       8313.353      -21822.50      -25730.66    
  -2783.283       26093.48       25615.25      -4869.792       5169.986    
   11805.84       5469.414       1707.095      -9466.685      -10440.74    
  -9869.493      -3522.100       3603.416       2118.885      -7257.690    
  -17982.99      -21381.90      -14344.46       9134.196       17038.13    
   12941.41       11826.39       14204.56       19433.47       5237.126    
  -1109.326      -608.3733      -1435.753       682.3215      -10189.23    
  -16000.83      -10292.56      -15624.12      -13103.34       6207.389    
   13444.85       7243.845      -3937.785      -11419.72      -7039.489    
   5881.130       9317.004       18217.11       18989.20       1267.899    
  -10023.78      -10976.18      -5340.476      -4094.112      -10433.08    
  -14157.36      -376.4490       21551.89       22240.80       1765.788    
  -11050.57      -21426.83      -11663.50       4844.986       4457.392    
   1344.111       11170.88       11003.91       26206.04       28106.53    
   2420.212      -4975.575      -30392.82      -41443.27      -31064.71    
  -8938.470       2896.159       12579.02       26272.95       14167.70    
   7126.456       9102.193       6372.816       2173.415      -1479.915    
   6241.563       14913.77      -995.2504      -24511.76      -36947.63    
  -33124.32      -11804.36       2562.829       9869.430       16863.96    
   35038.09       41410.05       15193.36      -12832.48      -18853.23    
  -10786.00      -13171.69      -27960.59      -22629.52       1535.306    
   9686.885       4097.828       5915.305       28065.40       23314.35    
  -3007.085      -18586.23      -17647.63      -3892.488       2798.055    
  -1229.955      -3724.444      -1549.497      -705.9301       12584.10    
   13885.34       10971.25       6359.595      -2690.644      -210.3369    
   2247.714      -6477.002      -18397.17      -9565.958      -606.7238    
  -3090.106      -3583.324      -1402.460       7126.094       9480.218    
  -962.2164      -3736.644       2223.115       1992.487      -8036.965    
  -3523.068       5503.000       6583.284       8202.991       1602.543    
  -10823.71      -18431.46      -14468.09       4260.796       18693.40    
   20801.80       7179.691      -8017.319      -6508.712      -3053.081    
  -621.4234      -965.3941       11092.54       17293.29       3602.041    
  -5873.843      -6331.820      -11559.63      -6407.389       8843.809    
   3625.190      -11372.31      -14427.25      -10468.61      -1413.544    
   12280.07       12992.56      -1324.704      -8965.278      -10606.38    
  -11394.09      -3533.068       14574.45       20110.75       8736.720    
   5435.513      -2770.783      -11873.64      -3590.874      -449.9395    
  -15961.19      -16731.84       4574.970       21863.89       16938.39    
   11275.19       10604.57       7142.664      -5222.129      -15888.03    
  -16899.72      -18977.34       1405.842       6965.934       1675.202    
   11732.57       13530.69       6545.866      -2795.700       6230.702    
   2027.121      -23095.39      -29304.13      -23914.37      -13320.74    
   3473.344       15258.69       18063.58       18509.28       9490.823    
   9240.577       4499.720      -9011.554      -10457.16      -7036.910    
   2307.475       7972.823       15057.63       12673.96      -1533.209    
  -13142.10      -19840.08      -6454.409       19056.22       22913.32    
   1560.552      -17563.88      -19461.98      -9300.517       1770.151    
  -7083.152      -20732.86      -10808.01       3462.176       8525.450    
   13157.29       10167.87       2374.666       6880.201       5235.208    
  -397.9661      -1128.832       3712.214       7797.180       8534.395    
   11058.38       8651.339      -3699.199      -13738.50      -17651.65    
  -18201.66      -6772.221       2392.231       9819.128      -1416.512    
  -5168.479       9607.975       9944.179       8554.648       4806.617    
  -4505.682      -16595.31      -13947.71      -4643.512      -5761.969    
  -838.0594       12911.08       21955.54       11034.36      -7175.179    
  -6730.617       2663.132       9073.611       3472.789      -8287.796    
  -3468.605       5194.926       10098.35       8005.338      -10536.13    
  -17939.18      -26563.30      -28479.32      -6153.102       4831.187    
   12273.00       23576.34       17902.42       2746.789      -3106.354    
  -5872.236       1789.331       2109.457      -3039.418      -4759.295    
  -786.7490       12071.57       11776.66      -3078.242      -14048.70    
  -9359.490      -4332.499       138.2491       553.7395       2320.131    
   4767.370      -2433.269      -16259.01      -15539.03       1349.560    
   222.4749      -8416.376       1003.193       21256.85       26677.42    
   12862.70      -4960.452      -13659.37      -2187.679       10005.84    
   13693.90       13301.04      -2760.036      -13619.23      -15135.85    
  -908.5614       17744.77       23864.93       12350.29      -4462.605    
  -15318.38      -28991.26      -9228.585       11212.38       7989.623    
   2581.943       2504.397       5052.101      -13261.81      -47265.34    
  -50365.14       1423.246       33278.02       38344.01       27591.71    
  -18593.19      -30975.72      -3049.746       13603.60       3152.723    
   447.6675       15598.06       6911.850      -7101.516       21347.00    
   18066.30       5199.791       16133.30      -7286.306      -27934.51    
  -18732.08       5567.641       4164.199      -18798.33      -27995.37    
  -19191.01      -172.6660       26159.78       25237.38      -12130.70    
  -40489.87      -28613.21      -6162.313      -4785.629       7939.349    
   30972.96       32175.57       4010.817      -29093.97      -20364.64    
   19639.02       44671.54       39680.31       34533.28       38014.91    
   32543.20       7791.029      -33934.16      -48370.70      -47530.63    
  -47358.00      -27321.67       1456.194       25964.36       20248.40    
   86.47527      -8140.358      -29911.85      -36177.51      -10520.60    
   25964.80       50884.89       28654.76      -475.6241      -23672.39    
  -21241.85       10127.20       19105.42       13797.91       5474.193    
   3505.993       6699.834       8065.076       6314.098       2036.986    
  -11889.46      -26372.46      -23515.07      -9563.355       13.76611    
  -11151.73      -27704.15      -28297.86       1800.143       19460.16    
   14762.96       2332.621      -7862.858      -570.5373       5968.115    
   6563.991       9479.611       27727.76       25659.97       8720.490    
   485.7423      -3898.328      -11343.80      -9785.802       14595.89    
   25527.60       2259.893      -18988.25      -18832.86      -16041.61    
  -10648.82       2473.251       8001.957       4434.269       706.2557    
   11780.66       21012.68       3448.980      -12948.44      -10623.26    
  -1012.614       2173.272      -1607.760      -3041.096      -10284.96    
  -25734.07      -33667.34      -19674.71       5356.185       16590.17    
   16532.05       9134.077      -4038.434      -18160.48      -19792.35    
  -7280.329       11295.40       32412.65       41863.26       27173.48    
   175.9610      -12422.34      -10358.98      -5915.458      -4269.561    
  -7376.255      -2675.225      -516.4545      -6818.974      -3475.335    
   8442.535       20938.31       23677.66       18111.28       5600.756    
  -7180.609      -24471.11      -33824.57      -18392.67      -5986.033    
  -4293.695      -8212.261      -12534.25      -14641.96      -7978.562    
   4910.468       11317.24       19597.61       27881.16       26228.18    
   11688.67       558.8324       8463.678       15127.13       7303.415    
  -4602.150      -2702.483       7009.228       7869.318       12320.84    
   19481.18       12534.38      -3468.664      -13475.42      -11192.72    
  -8536.960      -10655.90      -8907.242      -11125.00      -21408.41    
  -28008.55      -23958.34      -14810.34      -9589.909      -10632.73    
  -11359.21      -6090.700       2465.925       5510.899       4214.962    
   7941.355       16696.99       24821.23       21753.70       17284.22    
   21449.93       27076.75       25395.97       13784.25       4725.940    
  -2993.145      -12922.59      -23490.53      -30819.14      -32749.18    
  -28045.26      -23422.07      -22083.25      -17397.35      -11950.66    
  -4938.396      -1055.932       1604.831       2099.090      -3.041010    
   1850.098       2108.589       635.3486      -7607.275      -20172.50    
  -22172.32      -18102.26      -13758.61      -5690.308       5221.241    
   4650.748      -7385.255      -15294.25      -10277.68      -424.7770    
   5529.633       12222.48       19454.88       22751.10       17151.21    
   10493.11       10653.27       16351.17       23542.24       27938.85    
   28491.75       26633.79       25201.55       20736.78       12771.60    
   7607.721       5785.068       8569.628       13587.19       17487.46    
   21170.38       20020.52       16834.14       11636.52       5768.579    
   5860.167       8932.508       10073.42       6834.978       3386.442    
  -2191.342      -6216.112      -4336.632      -801.9600       1717.783    
   2203.803       4291.901       6268.512       9983.233       13781.93    
   12617.11       11593.67       9842.943       2644.777      -6513.601    
  -11626.61      -8485.128      -4733.945      -12685.83      -30589.69    
  -42531.71      -39615.17      -29399.00      -17438.87      -8104.929    
  -3739.801      -5180.039      -18309.95      -36399.71      -46407.30    
  -48007.16      -45279.13      -42132.95      -36656.40      -24741.49    
  -15787.63      -14378.71      -21040.26      -33645.88      -39407.05    
  -33138.26      -20930.34      -8155.384       2034.555       2626.957    
  -5878.488      -16007.86      -21509.11      -22297.09      -15105.06    
  -2194.925       7446.474       13352.13       17997.98       20144.12    
   16394.36       13565.47       17019.17       24127.16       28266.29    
   25202.97       20842.22       19018.69       20248.92       25769.26    
   30794.85       30000.89       28443.79       25334.13       19049.52    
   14745.81       13335.62       16528.61       20044.74       20220.50    
   15717.48       13599.22       16044.25       16963.13       16150.70    
   14982.54       15391.56       15745.22       20206.57       25472.31    
   27982.17       23489.57       14905.91       7372.050       499.3746    
  -4717.452      -13931.37      -22674.25      -30851.17      -40468.89    
  -49000.04      -54441.96      -53561.88      -49418.32      -41420.64    
  -27095.27      -11731.36      -3649.700      -3897.855      -22.30738    
   9157.442       19400.63       24976.62       21594.54       18846.13    
   15404.65       12072.06       13960.25       17086.30       17975.15    
   12347.83       1177.486      -11523.26      -22767.93      -26467.87    
  -18849.86      -3363.394       10374.51       16932.14       14674.06    
   5043.634      -4200.665      -7895.105      -2988.055       8121.996    
   13520.17       14468.62       15519.11       11014.90       3555.494    
  -66.04952       2243.186       7855.208       10919.19       8273.514    
   1112.060      -4376.641      -4595.827      -2830.940      -1432.692    
   171.2346      -186.2251      -5864.940      -11246.04      -16692.78    
  -21794.49      -23305.32      -24849.02      -23458.88      -20200.61    
  -17539.03      -12829.44      -7240.426      -445.0461       8533.409    
   12695.48       14255.17       16884.28       17011.97       14860.81    
   9445.607       3156.804      -5053.377      -16691.75      -23877.44    
  -20741.44      -13631.32      -6429.555       4483.332       14008.01    
   19472.56       25940.11       29834.57       30072.84       29304.48    
   28498.95       26791.10       22658.16       17010.79       8747.065    
   217.3603      -8234.543      -16677.33      -24753.34      -29251.87    
  -28762.95      -25620.70      -19202.60      -12252.11      -8190.761    
  -6252.558      -2492.936       3205.486       6741.586       4543.420    
  -2171.895      -6530.939      -5254.558      -3589.680      -5527.402    
  -5889.145      -2304.132       287.2445       62.52962       2148.193    
   4677.391       1856.920      -1217.473      -2172.883      -1684.883    
  -1520.136      -4127.682      -6742.936      -7310.988      -6400.558    
  -4370.390      -2976.861      -3321.248      -880.1803       2783.503    
   2304.884       2292.344       5891.520       8845.036       7903.623    
   7485.489       7618.855       5265.180       1940.225      -2336.320    
  -6736.926      -10214.44      -7177.984      -1822.281      -1914.992    
  -2803.455      -1156.162      -68.22596       3.358888       3072.077    
   6958.368       9088.547       10240.35       12231.84       15276.20    
   17193.83       16456.04       11449.50       7202.307       6764.007    
   9032.451       13726.05       15093.64       12121.89       6691.896    
   594.3849      -1627.681      -2347.067      -4558.812      -9137.222    
  -13602.32      -13043.45      -9444.179      -6388.707      -6218.852    
  -6332.877      -5612.064      -7270.879      -9693.677      -12014.71    
  -14033.73      -14858.59      -16907.55      -18595.97      -16315.25    
  -14024.44      -13774.90      -12947.91      -11681.30      -12179.89    
  -14475.18      -15600.02      -13361.10      -7243.871       1585.224    
   9967.760       17226.42       21597.26       23534.71       26517.25    
   27811.50       28144.22       29522.22       27973.24       23686.11    
   19112.09       15606.25       10908.54       4531.308      -457.1807    
  -5642.740      -9161.606      -9010.621      -7641.385      -6377.687    
  -3395.655      -8.101220      -26.16215      -2634.647      -6325.117    
  -7867.221      -5673.650      -2079.521       2153.712       4269.708    
   2728.574       135.5517      -2801.657      -7700.399      -13716.99    
  -18625.41      -22443.83      -25285.37      -25985.97      -23452.07    
  -18046.10      -13478.27      -12870.52      -15891.48      -17840.92    
  -15069.08      -10522.20      -5525.279       1233.165       9514.876    
   16160.82       19855.61       22220.80       25416.35       29524.04    
   32029.59       34456.84       35973.56       34390.66       30234.60    
   23993.98       17782.89       11726.79       4835.087      -2749.604    
  -10831.22      -16236.74      -19809.99      -23227.87      -25632.81    
  -27932.73      -28742.07      -28160.66      -25665.73      -20506.24    
  -13401.35      -6484.006      -850.9381       2578.488       3620.184    
   4065.742       5031.515       6883.220       8237.795       8150.216    
   7213.746       7025.906       6482.977       6046.965       6766.573    
   7428.119       7685.117       8843.795       11978.32       16219.57    
   19499.54       18301.32       12934.17       7921.059       4859.205    
   1517.732      -3647.280      -9053.105      -11952.99      -13355.04    
  -15350.36      -17919.94      -19916.71      -20210.41      -18919.26    
  -16108.53      -12393.15      -8628.661      -6213.229      -6553.199    
  -8655.033      -10748.87      -12341.45      -13004.53      -11643.74    
  -8963.417      -7724.636      -7514.585      -4815.923       1316.867    
   8587.972       14696.51       19857.18       24327.70       27360.71    
   29734.96       32257.85       34765.25       36176.32       36143.73    
   33722.73       29050.06       22520.16       13820.87       5720.879    
   373.5380      -3572.715      -8926.993      -15698.70      -22206.32    
  -25815.54      -26629.16      -26992.33      -28174.62      -28915.42    
  -27734.74      -26242.35      -24874.36      -23228.15      -20442.31    
  -16815.39      -11936.39      -7337.844      -5142.425      -3569.914    
  -1767.312      -113.7051       1477.357       3466.490       5731.819    
   8687.781       11785.42       14270.41       15293.46       16285.32    
   18709.22       20404.60       20724.55       20485.45       19240.42    
   16305.65       12404.52       7849.194       3690.969      -593.0286    
  -5517.227      -10121.80      -12794.89      -13281.70      -12779.02    
  -10712.01      -8602.565      -7014.517      -4834.918      -2163.919    
   511.1600       2933.694       4307.027       4093.905       3352.908    
   2118.976       508.7661      -776.8953      -2022.183      -2361.617    
  -1462.640      -1616.949      -2381.631      -1339.613      -94.35497    
  -378.5073      -1339.299      -2219.573      -2925.893      -3708.340    
  -4299.753      -3914.727      -2603.361      -1049.836       103.9838    
   316.2734       648.2971       1263.622       1766.947       2741.661    
   3415.673       3582.951       2199.017      -1015.808      -3683.930    
  -4508.977      -2848.439       49.78532       1741.142       1974.279    
   1120.913       725.4196       1205.796       83.80245      -2563.387    
  -5052.410      -5719.188      -3684.468       496.1342       5028.364    
   7145.941       7059.344       6530.306       7409.883       9436.029    
   11160.17       12483.48       12625.42       10684.22       7229.332    
   4261.248       2665.670       713.7310      -2472.510      -5883.619    
  -9593.760      -13118.95      -15325.53      -16004.19      -16066.97    
  -17066.82      -18401.20      -18277.02      -16543.09      -12938.96    
  -6877.575       693.0299       6941.011       10661.37       12612.66    
   13899.72       15008.62       15851.60       16964.31       18177.85    
   17955.15       16191.75       14467.85       11888.77       7744.138    
   2683.753      -2118.234      -6348.174      -10242.08      -13360.78    
  -16529.86      -19478.66      -20819.90      -20961.68      -19774.88    
  -16251.46      -11764.39      -7753.224      -3856.287      -1011.572    
  -95.86197      -539.2230      -1690.703      -2317.437      -1806.960    
   493.7621       4231.235       8270.208       11065.72       12041.48    
   11244.63       9553.271       8345.998       6891.525       5886.716    
   5260.290       3764.521       1143.273      -1421.929      -2052.195    
  -275.3116       3029.342       5906.766       7843.384       10404.57    
   13432.82       14921.81       14261.00       12410.51       9656.889    
   6252.640       2860.678      -1057.064      -5962.894      -10713.35    
  -14288.27      -17037.00      -18649.98      -18851.08      -18415.42    
  -17830.68      -17422.18      -16946.90      -15315.46      -12549.88    
  -9811.066      -7130.962      -4007.927      -904.8821       1812.952    
   3859.368       5167.953       6006.160       5889.252       5330.067    
   5350.645       6322.769       7930.188       9003.775       8330.084    
   6515.782       4757.608       3360.119       3068.089       3927.079    
   5358.306       7060.830       8572.001       9573.865       10145.48    
   9659.293       9072.459       9171.174       9096.060       7924.284    
   6068.869       4914.267       4185.872       3009.778       721.2335    
  -1875.506      -4144.918      -6132.142      -8568.475      -11226.74    
  -13135.18      -15203.60      -18004.11      -20820.77      -22706.75    
  -23062.69      -22228.05      -20706.40      -17556.94      -13054.88    
  -8686.183      -4173.819       376.7562       4434.567       7968.662    
   10963.46       13340.12       14663.14       15796.71       17835.46    
   20471.17       22361.16       22178.24       19522.01       15449.14    
   11705.30       9379.359       7771.626       5459.585       2288.257    
  -889.3853      -3027.125      -4334.536      -5648.035      -6978.321    
  -8448.518      -10366.08      -12340.97      -14222.29      -15352.82    
  -14940.10      -13032.37      -11022.54      -10495.35      -10875.78    
  -11303.08      -10443.74      -7759.000      -4086.723      -242.7141    
   2601.764       4554.840       6094.859       7211.124       7885.713    
   8808.315       10613.70       12175.99       12126.21       10585.71    
   9033.681       8102.725       6843.283       4961.071       3083.868    
   1146.312       17.01139      -933.0848      -3387.995      -5980.794    
  -7247.311      -7218.646      -6798.420      -6133.464      -4767.967    
  -2995.898      -652.1334       2084.202       3780.092       4209.321    
   3932.944       3542.448       3167.505       2818.988       2981.583    
   3009.069       2330.562       1013.225      -857.5565      -2582.846    
  -3396.321      -3155.974      -1859.294      -494.2727      -88.93743    
  -598.2918      -1788.105      -3391.600      -4520.147      -4631.035    
  -4437.916      -4602.771      -5153.588      -5469.214      -5419.602    
  -5094.519      -4350.925      -3502.564      -2629.430      -1136.357    
   1532.568       4730.383       7775.675       10428.24       12107.05    
   12277.25       10739.68       8352.327       6001.839       4224.038    
   3004.632       1695.573       103.0018      -1112.660      -1371.815    
  -1608.472      -2166.040      -2534.162      -2769.949      -2762.823    
  -2437.284      -2161.063      -2162.820      -2324.179      -2580.851    
  -3109.636      -3853.907      -4700.345      -5256.210      -5215.253    
  -4937.214      -4860.125      -4828.728      -4971.419      -5289.900    
  -5557.796      -5992.115      -6280.267      -6049.336      -4948.653    
  -3233.312      -1457.861       237.8716       1654.807       2903.868    
   4175.402       5074.630       5338.690       4968.769       4520.601    
   4544.040       4718.500       4842.099       4738.893       4621.926    
   4748.168       4880.223       5137.173       5827.942       7023.812    
   8017.768       8085.840       7115.514       5802.800       4972.578    
   4374.646       3910.879       3165.313       1859.065       480.5811    
  -720.4474      -2582.058      -5448.787      -8087.749      -9825.653    
  -10408.37      -9857.226      -8601.903      -7378.418      -6038.063    
  -4195.442      -2147.201      -170.9775       1406.037       2623.778    
   4157.563       6176.300       7757.028       8223.558       7535.492    
   5742.193       3116.620       12.12065      -3533.469      -6738.178    
  -9189.839      -11328.73      -13107.05      -14159.39      -13901.61    
  -12021.32      -9366.354      -6380.197      -3052.991      -14.75852    
   2672.688       5133.906       7100.071       7795.954       7050.101    
   5627.656       3846.223       1762.757      -507.2069      -2409.355    
  -3529.345      -3902.217      -3394.020      -2335.782      -1387.249    
  -1046.412      -1148.371      -1341.264      -1327.612      -634.4812    
   826.2192       2678.400       4441.406       5880.425       6605.265    
   6473.342       5766.552       4975.041       4472.590       4433.866    
   5115.743       6243.187       6969.955       6865.237       6043.817    
   4662.446       2867.217       543.1745      -1827.130      -3638.760    
  -4954.051      -5472.402      -4906.863      -3927.145      -3105.822    
  -2362.525      -1764.766      -1341.346      -1003.483      -523.2819    
  -156.6981      -323.8703      -1093.131      -2255.767      -3513.122    
  -4831.165      -5835.230      -6161.474      -5712.689      -4830.223    
  -3795.340      -2726.345      -1867.133      -920.3268       299.3633    
   1600.551       2661.931       3354.678       3878.722       4138.050    
   4143.710       4166.453       4306.984       4302.909       3761.427    
   2822.489       1701.353       579.2421      -73.16911      -367.8905    
  -1243.320      -2781.270      -4225.565      -5031.774      -4961.161    
  -4052.607      -2759.592      -1489.468       159.5966       2001.794    
   3617.343       4924.787       5826.916       6294.234       6393.910    
   6319.000       5872.789       4799.207       3532.391       2400.358    
   913.6852      -966.1875      -2788.178      -4383.148      -5778.537    
  -6820.469      -7271.795      -6966.680      -5994.820      -4668.568    
  -3113.807      -1204.073       990.7352       3067.217       4255.246    
   4073.588       3217.320       2478.788       1704.066       307.9242    
  -1902.932      -4685.999      -7740.300      -10602.03      -12766.99    
  -14343.45      -15708.09      -16422.79      -15713.47      -13502.04    
  -10152.73      -6079.810      -1714.081       2803.270       7545.214    
   12217.91       16202.39       19295.59       21584.05       22961.54    
   23324.11       22387.10       20319.25       17564.41       14383.39    
   10711.77       6496.983       2271.113      -1725.300      -5537.385    
  -9256.104      -12357.96      -14207.68      -14841.18      -14884.95    
  -14829.95      -14344.00      -13130.08      -11180.75      -9026.140    
  -7207.626      -5801.362      -4611.451      -3492.285      -2401.560    
  -1436.240      -777.1453      -471.4199      -350.2842       99.97385    
   949.9162       2032.275       3386.508       5242.343       7449.052    
   9463.521       11087.78       12206.82       12807.15       13176.26    
   13278.74       12716.98       11231.52       8685.306       5392.588    
   1863.269      -1719.541      -5278.361      -8618.218      -11461.47    
  -13433.97      -14257.38      -13939.21      -12788.40      -11337.02    
  -9903.539      -8308.107      -6279.430      -3989.440      -1743.540    
   303.0956       2089.583       3558.048       4614.115       5546.919    
   6336.875       6657.665       6491.614       5903.410       5141.277    
   4168.560       2873.956       1299.931      -531.0775      -2367.012    
  -3817.443      -4702.874      -5112.968      -5236.606      -5289.787    
  -5276.104      -4883.077      -3769.356      -2269.853      -892.0440    
   411.5297       1659.710       2858.783       3913.758       4663.694    
   5032.542       4898.456       4476.815       4169.317       4130.327    
   4260.446       4419.585       4333.528       3748.161       3067.060    
   2538.193       2484.549       2356.407       2060.436       1525.332    
   1352.793       1447.989       1964.620       2331.823       2647.228    
   2726.172       1997.632       797.3056      -1185.503      -2739.823    
  -5854.029    
