  0.5128207e-02  0.1449164e-03  0.2128012e-02  0.4760740e-01  -12345.00    
  0.1025641e-01  0.2512822             0.      -12345.00       2.000000    
  -12345.00      -12345.00      -12345.00      -12345.00      -12345.00    
  -12345.00      -12345.00      -12345.00      -12345.00      -12345.00    
  -12345.00      -12345.00      -12345.00      -12345.00      -12345.00    
  -12345.00      -12345.00      -12345.00      -12345.00      -12345.00    
  -12345.00       40.74473      -115.2388       2210.440             0.    
   37.12109      -116.0666       1286.000       464.0000      -12345.00    
  -12345.00      -12345.00      -12345.00      -12345.00      -12345.00    
  -12345.00      -12345.00      -12345.00      -12345.00      -12345.00    
   408.6239       9.859199       190.3775       3.675545       109.9936    
  0.4760740e-01  0.1109837e-02         0.             0.      -12345.00    
  -12345.00      -12345.00      -12345.00      -12345.00      -12345.00    
  -12345.00      -12345.00      -12345.00      -12345.00      -12345.00    
      1979       241        15         8         0
       199         6         0         0        48
      3152    -12345    -12345    -12345    -12345
         4         7        11    -12345    -12345
    -12345    -12345        37    -12345    -12345
    -12345    -12345    -12345    -12345    -12345
    -12345    -12345    -12345    -12345    -12345
         1         1         1         1         0
ELK     NESSEL          
-12345  -12345  -12345  
-12345  -12345  -12345  
-12345  -12345  -12345  
-12345  -12345  -12345  
-12345  -12345  -12345  
-12345  -12345  -12345  
-12345  -12345  -12345  
  0.6967775e-03  0.6967775e-03  0.4419131e-03  0.1637765e-03  0.1638161e-03
  0.1449164e-03  0.1765459e-03  0.2094486e-03  0.2537256e-03  0.3387885e-03
  0.4248868e-03  0.6314912e-03  0.8158602e-03  0.1039160e-02  0.1131413e-02
  0.1177877e-02  0.1215644e-02  0.1282908e-02  0.1385711e-02  0.1440390e-02
  0.1401355e-02  0.1514125e-02  0.1492657e-02  0.1637186e-02  0.1702569e-02
  0.1883775e-02  0.2128012e-02  0.2118255e-02  0.2096554e-02  0.1858406e-02
  0.1632937e-02  0.1199014e-02  0.1019482e-02  0.1083532e-02  0.1111824e-02
  0.1313566e-02  0.1498286e-02  0.1770099e-02  0.1426164e-02  0.1044487e-02
  0.8579543e-03  0.6403651e-03  0.7378102e-03  0.7810674e-03  0.1233839e-02
  0.1339622e-02  0.1458701e-02  0.1458701e-02
