  0.5128207e-02  0.1411863e-03  0.2222291e-02  0.4760740e-01  -12345.00    
  0.1025641e-01  0.2512822             0.      -12345.00       2.000000    
  -12345.00      -12345.00      -12345.00      -12345.00      -12345.00    
  -12345.00      -12345.00      -12345.00      -12345.00      -12345.00    
  -12345.00      -12345.00      -12345.00      -12345.00      -12345.00    
  -12345.00      -12345.00      -12345.00      -12345.00      -12345.00    
  -12345.00       37.01651      -112.8224       1714.500             0.    
   37.12109      -116.0666       1286.000       464.0000      -12345.00    
  -12345.00      -12345.00      -12345.00      -12345.00      -12345.00    
  -12345.00      -12345.00      -12345.00      -12345.00      -12345.00    
   288.7304       91.32913       273.2769       2.596849       69.97958    
  0.4760740e-01  0.9214181e-03         0.             0.      -12345.00    
  -12345.00      -12345.00      -12345.00      -12345.00      -12345.00    
  -12345.00      -12345.00      -12345.00      -12345.00      -12345.00    
      1979       241        15         8         0
       199         6         0         0        48
      3152    -12345    -12345    -12345    -12345
         4         7        11    -12345    -12345
    -12345    -12345        37    -12345    -12345
    -12345    -12345    -12345    -12345    -12345
    -12345    -12345    -12345    -12345    -12345
         1         1         1         1         0
KNB     NESSEL          
-12345  -12345  -12345  
-12345  -12345  -12345  
-12345  -12345  -12345  
-12345  -12345  -12345  
-12345  -12345  -12345  
-12345  -12345  -12345  
-12345  -12345  -12345  
  0.2222291e-02  0.2222291e-02  0.8136296e-03  0.3636109e-03  0.2609357e-03
  0.2722229e-03  0.3370133e-03  0.3524740e-03  0.4139194e-03  0.4731963e-03
  0.5481355e-03  0.6141266e-03  0.6402216e-03  0.6716123e-03  0.6923769e-03
  0.7209610e-03  0.7213790e-03  0.7239704e-03  0.7799157e-03  0.8447767e-03
  0.8693706e-03  0.8311884e-03  0.7774965e-03  0.6630942e-03  0.4843771e-03
  0.3241055e-03  0.1974684e-03  0.1822324e-03  0.1411863e-03  0.2246332e-03
  0.3445421e-03  0.4969508e-03  0.7327744e-03  0.9054112e-03  0.1017635e-02
  0.9505114e-03  0.9659121e-03  0.1199424e-02  0.1319094e-02  0.1567567e-02
  0.1614064e-02  0.1727243e-02  0.1867709e-02  0.1805299e-02  0.1978966e-02
  0.2012470e-02  0.2169144e-02  0.2169144e-02
