  0.5128207e-02  0.2277149e-03  0.1752750e-02  0.4760740e-01  -12345.00    
  0.1025641e-01  0.2512822             0.      -12345.00       2.000000    
  -12345.00      -12345.00      -12345.00      -12345.00      -12345.00    
  -12345.00      -12345.00      -12345.00      -12345.00      -12345.00    
  -12345.00      -12345.00      -12345.00      -12345.00      -12345.00    
  -12345.00      -12345.00      -12345.00      -12345.00      -12345.00    
  -12345.00       38.43207      -118.1544       1507.080             0.    
   37.12109      -116.0666       1286.000       464.0000      -12345.00    
  -12345.00      -12345.00      -12345.00      -12345.00      -12345.00    
  -12345.00      -12345.00      -12345.00      -12345.00      -12345.00    
   234.5177       308.9804       127.7068       2.109344       59.98203    
  0.4760740e-01  0.9279188e-03         0.             0.      -12345.00    
  -12345.00      -12345.00      -12345.00      -12345.00      -12345.00    
  -12345.00      -12345.00      -12345.00      -12345.00      -12345.00    
      1979       241        15         8         0
       199         6         0         0        48
      3152    -12345    -12345    -12345    -12345
         4         7        11    -12345    -12345
    -12345    -12345        37    -12345    -12345
    -12345    -12345    -12345    -12345    -12345
    -12345    -12345    -12345    -12345    -12345
         1         1         1         1         0
MNV     NESSEL          
-12345  -12345  -12345  
-12345  -12345  -12345  
-12345  -12345  -12345  
-12345  -12345  -12345  
-12345  -12345  -12345  
-12345  -12345  -12345  
-12345  -12345  -12345  
  0.1752750e-02  0.1752750e-02  0.5838936e-03  0.2761327e-03  0.2277149e-03
  0.2634965e-03  0.3145902e-03  0.3556421e-03  0.4454486e-03  0.5181511e-03
  0.5749871e-03  0.6585277e-03  0.6405489e-03  0.7316815e-03  0.7181999e-03
  0.7877309e-03  0.7475596e-03  0.7523379e-03  0.7720653e-03  0.8504866e-03
  0.9254643e-03  0.9809555e-03  0.9710136e-03  0.9973382e-03  0.9093176e-03
  0.8486597e-03  0.7859891e-03  0.7937161e-03  0.8983811e-03  0.8456437e-03
  0.8853440e-03  0.7330178e-03  0.9252160e-03  0.1000361e-02  0.1143853e-02
  0.1333569e-02  0.1607559e-02  0.1663768e-02  0.1526056e-02  0.1428529e-02
  0.1748701e-02  0.1691032e-02  0.1291903e-02  0.6621393e-03  0.6189096e-03
  0.1023849e-02  0.1287556e-02  0.1287556e-02
